节点总数:1468
边总数:1555
平均聚类系数(average clustering): 0.026102945850351222
网络传递性(transitivity): 0.0515748031496063
节点的度: 
701 1202
286 312
15169 44
3356 5
6453 5
1273 5
3257 5
1299 4
2914 4
2497 4
6939 4
174 4
7018 4
5511 4
9002 3
8220 3
3333 3
36040 3
4134 2
4637 2
4837 2
1239 2
9318 2
3320 2
20940 2
6762 2
7738 2
12989 2
209 2
3303 2
7922 2
702 2
6830 2
1257 2
1136 2
7843 2
8468 2
25160 2
13030 2
56730 2
16509 2
8075 2
7473 2
703 2
714 2
1103 2
2906 2
32934 2
6067 2
24753 2
109 2
50304 2
50300 2
22652 2
8758 2
31025 2
42708 2
6507 2
32590 2
31122 2
3491 1
10026 1
58453 1
15412 1
9680 1
6461 1
12956 1
6667 1
33891 1
8928 1
37100 1
4230 1
9116 1
31133 1
8657 1
3292 1
2119 1
3209 1
6805 1
7713 1
36351 1
8218 1
34984 1
5588 1
9050 1
8447 1
5400 1
16276 1
13768 1
16265 1
24785 1
29396 1
12731 1
12859 1
8315 1
14061 1
6730 1
6908 1
21263 1
49544 1
10912 1
43531 1
197206 1
786 1
25542 1
9009 1
13237 1
47886 1
12390 1
15879 1
41552 1
2828 1
53393 1
19151 1
3910 1
8607 1
15202 1
6128 1
32059 1
27377 1
394007 1
393365 1
23256 1
27552 1
33740 1
11164 1
394976 1
32467 1
62747 1
54986 1
22822 1
32308 1
22773 1
33616 1
7381 1
46639 1
394856 1
6352 1
13789 1
394736 1
19536 1
394117 1
3729 1
23170 1
17361 1
1642 1
10998 1
30115 1
12257 1
22280 1
6307 1
14267 1
6318 1
29970 1
18977 1
6195 1
6319 1
13688 1
14056 1
16983 1
40607 1
53492 1
6253 1
17178 1
26915 1
7723 1
14391 1
31824 1
23148 1
16711 1
26144 1
10962 1
13507 1
10584 1
17193 1
46668 1
12221 1
14696 1
27358 1
15262 1
31947 1
16455 1
32206 1
14010 1
26789 1
13540 1
14013 1
19244 1
11740 1
19111 1
23291 1
14844 1
29767 1
30291 1
11616 1
19363 1
395098 1
15253 1
15240 1
11760 1
3385 1
11486 1
53806 1
33172 1
7046 1
46509 1
14566 1
14340 1
6774 1
2686 1
17020 1
2516 1
812 1
41095 1
26265 1
3741 1
46489 1
54113 1
27390 1
54934 1
20847 1
56837 1
9211 1
8368 1
57795 1
21277 1
45012 1
15943 1
197985 1
20495 1
31078 1
12169 1
47474 1
31477 1
57626 1
12843 1
2110 1
12676 1
20857 1
12414 1
8560 1
8487 1
57607 1
2603 1
25459 1
15598 1
23005 1
14669 1
22116 1
29987 1
40662 1
5466 1
37468 1
37271 1
22351 1
29259 1
24875 1
32915 1
3265 1
10405 1
19679 1
4549 1
51682 1
51531 1
30740 1
44700 1
15844 1
10310 1
395117 1
24429 1
14552 1
11372 1
17406 1
393693 1
13554 1
27257 1
394547 1
395009 1
9929 1
8426 1
61429 1
14616 1
1668 1
18622 1
4589 1
29311 1
25038 1
680 1
24637 1
15542 1
705 1
1661 1
46601 1
11603 1
13434 1
27174 1
10434 1
1699 1
19405 1
36157 1
15089 1
12153 1
46350 1
26381 1
13716 1
62574 1
12234 1
46847 1
13893 1
62865 1
15263 1
14109 1
30338 1
33252 1
26691 1
14958 1
18971 1
23219 1
36313 1
18573 1
15572 1
22759 1
22617 1
4885 1
16578 1
55182 1
22135 1
396454 1
23529 1
25967 1
22530 1
30004 1
393675 1
46630 1
32730 1
21660 1
40203 1
26768 1
14414 1
1663 1
394481 1
13462 1
29782 1
20040 1
19462 1
394105 1
11621 1
396240 1
21973 1
20127 1
19973 1
21780 1
29712 1
19735 1
23057 1
39947 1
40711 1
7116 1
6550 1
20153 1
10361 1
32058 1
20088 1
26757 1
22001 1
33534 1
11155 1
14551 1
29898 1
13524 1
7342 1
21636 1
17119 1
393977 1
63321 1
18580 1
22762 1
25907 1
46202 1
54683 1
31892 1
54979 1
54959 1
26843 1
11653 1
1339 1
23079 1
18478 1
22848 1
3605 1
16898 1
18493 1
22587 1
19319 1
22417 1
18574 1
23503 1
46773 1
26959 1
21557 1
11895 1
11539 1
17373 1
13782 1
11847 1
19606 1
3855 1
26654 1
17155 1
32926 1
26341 1
22808 1
22575 1
46442 1
19279 1
133010 1
46765 1
33141 1
23500 1
19670 1
46767 1
18746 1
23402 1
54589 1
13508 1
25936 1
18692 1
11251 1
26535 1
33378 1
20475 1
23315 1
4451 1
33402 1
27311 1
36614 1
40025 1
20287 1
22794 1
3707 1
54151 1
396067 1
13888 1
26455 1
395280 1
19328 1
6620 1
53720 1
63137 1
395538 1
18790 1
54100 1
395319 1
46983 1
10694 1
395074 1
18842 1
18829 1
6619 1
19103 1
22204 1
1689 1
3614 1
22014 1
17054 1
11743 1
32254 1
10397 1
6459 1
394575 1
22992 1
12179 1
23274 1
36492 1
43515 1
19535 1
5639 1
6130 1
25892 1
18659 1
16877 1
13335 1
16599 1
14742 1
7799 1
19460 1
32795 1
36579 1
30524 1
23380 1
23190 1
17283 1
16659 1
51945 1
36590 1
30196 1
42 1
23026 1
53880 1
23199 1
40010 1
33232 1
19603 1
395915 1
393757 1
21542 1
32833 1
15059 1
29933 1
262206 1
12098 1
394075 1
19641 1
394930 1
393988 1
33385 1
18902 1
46493 1
54705 1
14556 1
62697 1
7310 1
30254 1
22317 1
21689 1
33684 1
27468 1
26644 1
19088 1
393370 1
29729 1
393694 1
19434 1
32982 1
33094 1
14136 1
11196 1
35948 1
26772 1
40004 1
394689 1
27248 1
63071 1
16829 1
14424 1
53557 1
23239 1
16504 1
30563 1
32894 1
40172 1
33717 1
54678 1
394839 1
395513 1
54883 1
33278 1
55228 1
11057 1
14831 1
31838 1
11347 1
11336 1
18729 1
14700 1
40733 1
30353 1
22470 1
22288 1
393439 1
29822 1
30328 1
25931 1
18459 1
11609 1
22144 1
33222 1
23505 1
11081 1
22527 1
11217 1
1615 1
10440 1
33261 1
20027 1
53936 1
29947 1
31906 1
16981 1
31809 1
23008 1
7407 1
32942 1
22130 1
30301 1
13690 1
30514 1
3925 1
23104 1
7124 1
15137 1
395356 1
394096 1
393432 1
63362 1
46622 1
26645 1
395824 1
23443 1
395410 1
14251 1
2634 1
6256 1
36560 1
6481 1
4888 1
36606 1
25692 1
25896 1
22580 1
396452 1
46643 1
395650 1
26497 1
26927 1
13418 1
395116 1
30117 1
2710 1
14279 1
5650 1
33436 1
813 1
5714 1
31917 1
22709 1
14203 1
26540 1
40816 1
13996 1
6167 1
19353 1
17281 1
4208 1
11495 1
26298 1
9246 1
32754 1
22727 1
53253 1
22702 1
3369 1
1326 1
1337 1
1323 1
1325 1
64777 1
19210 1
30238 1
1358 1
394262 1
19197 1
22142 1
11696 1
13745 1
22976 1
3856 1
54104 1
19425 1
395973 1
20374 1
46613 1
33363 1
13667 1
64512 1
14745 1
20385 1
11641 1
11222 1
26630 1
12273 1
36758 1
510 1
36698 1
11492 1
46644 1
32268 1
53650 1
33748 1
57821 1
29608 1
4608 1
45896 1
4777 1
1836 1
26471 1
7754 1
4844 1
12182 1
4546 1
10453 1
33598 1
15133 1
8151 1
19037 1
25630 1
393800 1
29971 1
14093 1
7332 1
9299 1
32244 1
6498 1
42416 1
41960 1
1853 1
1120 1
44227 1
48918 1
20953 1
12732 1
30742 1
198203 1
39244 1
199106 1
8596 1
20640 1
29063 1
34895 1
12355 1
33873 1
33848 1
39090 1
35548 1
2611 1
13005 1
44444 1
12348 1
35834 1
47541 1
36384 1
199408 1
199114 1
198018 1
6833 1
198759 1
47762 1
34437 1
12480 1
41108 1
59524 1
198334 1
25418 1
60805 1
44891 1
9150 1
47409 1
25562 1
35799 1
8283 1
8587 1
48968 1
199190 1
33186 1
32110 1
13663 1
30305 1
53412 1
131235 1
9505 1
41264 1
11862 1
8114 1
8115 1
15297 1
13458 1
8328 1
49823 1
50343 1
50456 1
4775 1
19174 1
17903 1
6648 1
7908 1
293 1
46 1
10879 1
4983 1
14433 1
14852 1
36067 1
15006 1
16807 1
78 1
15752 1
22284 1
1261 1
7088 1
2013 1
3378 1
18666 1
29929 1
2818 1
30614 1
394990 1
22717 1
22216 1
3455 1
555 1
106 1
61153 1
11985 1
27495 1
5049 1
5665 1
22907 1
13336 1
10599 1
19690 1
19773 1
33052 1
6075 1
32611 1
13639 1
23280 1
13636 1
23154 1
3680 1
21680 1
21433 1
16681 1
32023 1
40567 1
17366 1
11228 1
25182 1
201017 1
44074 1
22406 1
14864 1
14733 1
2754 1
46846 1
17070 1
54535 1
46264 1
11452 1
62974 1
10857 1
54363 1
12195 1
46507 1
22336 1
25673 1
13778 1
11529 1
33442 1
25996 1
12229 1
26704 1
395527 1
6066 1
30598 1
17199 1
11396 1
26551 1
16037 1
11552 1
16669 1
1395 1
1331 1
40155 1
17003 1
1236 1
10273 1
32251 1
20437 1
40923 1
13323 1
13322 1
16728 1
15029 1
20062 1
395949 1
396434 1
16561 1
53330 1
32577 1
25807 1
16746 1
26423 1
11829 1
63255 1
26442 1
46269 1
13900 1
4196 1
2011 1
7743 1
30175 1
30459 1
393349 1
393342 1
33043 1
7060 1
33572 1
393692 1
21595 1
16793 1
32906 1
26395 1
8224 1
394417 1
22640 1
11911 1
31515 1
17275 1
10995 1
22125 1
26579 1
46313 1
17374 1
17347 1
39960 1
10615 1
26539 1
394453 1
54864 1
14948 1
19004 1
12079 1
18994 1
13882 1
26229 1
54972 1
13652 1
394371 1
62710 1
62942 1
36161 1
27336 1
27343 1
26485 1
46512 1
7926 1
16875 1
31880 1
1295 1
30437 1
11409 1
33619 1
21965 1
6524 1
6468 1
63138 1
63174 1
3926 1
11273 1
14579 1
17386 1
10662 1
40390 1
11520 1
11313 1
3769 1
36566 1
36567 1
36569 1
36570 1
36572 1
36574 1
36576 1
36578 1
36580 1
36759 1
36760 1
36761 1
36762 1
36763 1
36764 1
36765 1
36769 1
36771 1
36772 1
36766 1
36568 1
36571 1
36573 1
36577 1
36767 1
36768 1
36787 1
62481 1
25959 1
30337 1
40375 1
12245 1
17130 1
395000 1
53585 1
36032 1
7317 1
395652 1
32430 1
21789 1
6979 1
25972 1
22920 1
12187 1
32273 1
33551 1
27534 1
11406 1
13348 1
33214 1
6973 1
23241 1
11685 1
3147 1
26764 1
26517 1
46713 1
17389 1
21833 1
3573 1
28806 1
10794 1
19886 1
1343 1
25934 1
31874 1
395659 1
18773 1
36842 1
23308 1
53524 1
63335 1
197038 1
61373 1
197727 1
60789 1
60669 1
43996 1
201405 1
201403 1
202120 1
8445 1
50611 1
41230 1
31529 1
8859 1
6400 1
28151 1
196760 1
16778 1
19516 1
21759 1
22233 1
31788 1
63161 1
10690 1
26365 1
29764 1
19819 1
25599 1
63382 1
6984 1
46142 1
2154 1
393802 1
393569 1
396531 1
26450 1
19395 1
517 1
5797 1
12236 1
16868 1
394370 1
3081 1
25883 1
14829 1
393380 1
394246 1
22696 1
63480 1
21763 1
3738 1
21842 1
40664 1
48083 1
13054 1
39059 1
2484 1
5459 1
8403 1
42063 1
44449 1
39030 1
47167 1
13380 1
11716 1
35923 1
33745 1
33366 1
30441 1
36336 1
7170 1
30205 1
16747 1
14744 1
7078 1
16931 1
32222 1
15147 1
40702 1
22556 1
16567 1
54825 1
17151 1
21975 1
21942 1
11160 1
7045 1
53778 1
14652 1
30690 1
23088 1
53716 1
32289 1
23482 1
32910 1
30646 1
18649 1
7270 1
25801 1
26738 1
10823 1
10913 1
46454 1
14717 1
1547 1
11165 1
14151 1
11787 1
559 1
394650 1
4390 1
26425 1
19691 1
21758 1
62647 1
25984 1
62735 1
22246 1
36234 1
14783 1
4563 1
3364 1
17168 1
11480 1
62933 1
62971 1
19563 1
22964 1
16751 1
36341 1
53275 1
63050 1
46097 1
19849 1
19631 1
30239 1
46739 1
18750 1
33746 1
53702 1
54967 1
55063 1
55179 1
396062 1
63263 1
19677 1
394724 1
394455 1
6938 1
2700 1
23251 1
14320 1
30330 1
40844 1
10517 1
31911 1
26856 1
25966 1
22283 1
36847 1
14973 1
53293 1
55292 1
7996 1
22840 1
395765 1
40227 1
3144 1
20047 1
40578 1
3458 1
16792 1
396143 1
40185 1
10717 1
395196 1
22038 1
32793 1
18872 1
65403 1
53401 1
15234 1
21587 1
4969 1
36688 1
54305 1
16978 1
19065 1
46982 1
54824 1
25777 1
46089 1
13858 1
25919 1
26001 1
20447 1
31927 1
6220 1
393570 1
27277 1
6541 1
33593 1
16638 1
7227 1
54559 1
15053 1
36179 1
20230 1
21676 1
54547 1
25687 1
30560 1
18581 1
18691 1
54337 1
7998 1
32542 1
27781 1
11248 1
32861 1
33419 1
21543 1
36350 1
26931 1
22229 1
19769 1
395609 1
395615 1
393361 1
20314 1
23287 1
394712 1
31865 1
5036 1
53647 1
15205 1
21964 1
11334 1
394040 1
33417 1
19954 1
54346 1
15048 1
32520 1
40288 1
7133 1
19621 1
22817 1
22574 1
25869 1
21596 1
29878 1
10390 1
30037 1
29766 1
32807 1
4255 1
26334 1
18757 1
54451 1
40886 1
63475 1
14898 1
32139 1
23050 1
53973 1
26314 1
30180 1
16804 1
47000 1
22295 1
40518 1
35850 1
394725 1
40880 1
26848 1
14568 1
33138 1
6646 1
11069 1
32858 1
6109 1
33560 1
26195 1
10967 1
27003 1
18707 1
39940 1
14990 1
10931 1
26142 1
19796 1
26966 1
62852 1
26900 1
26153 1
30434 1
32661 1
22610 1
13970 1
36783 1
39973 1
396387 1
26435 1
18597 1
40262 1
40466 1
18605 1
22103 1
10636 1
63117 1
17382 1
27621 1
15013 1
22134 1
14070 1
40012 1
17088 1
22821 1
46428 1
27560 1
11204 1
32912 1
14491 1
14681 1
21979 1
23153 1
33645 1
63148 1
15050 1
23097 1
13710 1
11449 1
32377 1
22803 1
13445 1
19664 1
32252 1
11437 1
10444 1
19072 1
10676 1
10784 1
18654 1
58092 1
27021 1
11023 1
4393 1
25222 1
50238 1
12337 1
26787 1
16999 1
27543 1
11889 1
11890 1
13611 1
30523 1
26363 1
30346 1
27579 1
1397 1
30042 1
11779 1
54127 1
17073 1
46624 1
13556 1
11323 1
25878 1
32260 1
30149 1
20296 1
29263 1
198089 1
24424 1
17056 1
2173 1
11810 1
25771 1
33854 1
42344 1
13443 1
7345 1
12066 1
14210 1
8001 1
19512 1
40196 1
45758 1
25655 1
36408 1
10946 1
60923 1
45566 1
393893 1
30494 1
4583 1
32975 1
55127 1
33090 1
1399 1
20139 1
20132 1
46318 1
33478 1
25843 1
40616 1
40549 1
53622 1
18602 1
32319 1
30430 1
30529 1
6379 1
22077 1
13630 1
48297 1
12654 1
6881 1
20546 1
42473 1
8641 1
20849 1
21473 1
202023 1
39063 1
197071 1
202885 1
50533 1
