节点总数:178
边总数:196
平均聚类系数(average clustering): 0.0
网络传递性(transitivity): 0
节点的度: 
701 126
286 54
15169 16
3356 4
3257 4
7018 4
6453 3
2914 3
1299 3
1136 2
2497 2
174 2
20940 2
3333 2
2906 2
4134 1
9680 1
6830 1
1273 1
9318 1
7738 1
4230 1
9116 1
702 1
3303 1
4637 1
34984 1
7473 1
24785 1
12731 1
12859 1
8315 1
21263 1
10912 1
197206 1
8220 1
25542 1
47886 1
12390 1
15879 1
33748 1
53393 1
57821 1
50304 1
50300 1
29608 1
22652 1
4608 1
45896 1
4777 1
1836 1
8758 1
19151 1
26471 1
15202 1
1239 1
32059 1
7754 1
27377 1
394007 1
393365 1
23256 1
33740 1
11164 1
394976 1
32467 1
62747 1
54986 1
6762 1
32308 1
3320 1
33616 1
7381 1
4844 1
12182 1
46639 1
394856 1
6352 1
13789 1
394736 1
19536 1
394117 1
3729 1
23170 1
17361 1
1642 1
10998 1
30115 1
12257 1
22280 1
6307 1
14267 1
6318 1
29970 1
18977 1
4546 1
10453 1
6195 1
6319 1
13688 1
14056 1
16983 1
40607 1
53492 1
6253 1
17178 1
26915 1
7723 1
14391 1
31824 1
23148 1
16711 1
26144 1
10962 1
13507 1
10584 1
17193 1
33598 1
46668 1
12221 1
14696 1
27358 1
15262 1
31947 1
16455 1
32206 1
14010 1
26789 1
13540 1
14013 1
19244 1
11740 1
19111 1
23291 1
14844 1
29767 1
30291 1
11616 1
19363 1
395098 1
15253 1
15240 1
11760 1
3385 1
11486 1
15133 1
53806 1
33172 1
7046 1
46509 1
14566 1
14340 1
703 1
714 1
17020 1
2516 1
8151 1
26265 1
19037 1
1103 1
27390 1
54934 1
209 1
20847 1
6067 1
56837 1
9211 1
8368 1
57795 1
21277 1
45012 1
15943 1
197985 1
20495 1
31078 1
12169 1
1257 1
7713 1
