节点总数:54
边总数:55
平均聚类系数(average clustering): 0.0
网络传递性(transitivity): 0
节点的度: 
16509 47
10297 5
48693 2
174 2
2914 2
22652 2
3356 2
6939 2
34259 1
7018 1
1299 1
1273 1
3257 1
2497 1
6830 1
1257 1
8220 1
4637 1
10026 1
1221 1
209 1
3491 1
6453 1
2516 1
50300 1
50304 1
1103 1
42708 1
6881 1
45896 1
1836 1
8758 1
31400 1
29608 1
701 1
12552 1
3549 1
6762 1
4755 1
4766 1
3333 1
14618 1
8987 1
5511 1
13249 1
41995 1
58271 1
7473 1
9498 1
18101 1
17408 1
9299 1
9957 1
62785 1
