节点总数:56
边总数:60
平均聚类系数(average clustering): 0.0
网络传递性(transitivity): 0
节点的度: 
16509 52
10297 5
48693 4
2914 2
174 2
19653 2
6939 2
3356 2
38895 2
34259 1
3257 1
3491 1
209 1
10026 1
5645 1
1299 1
5650 1
3292 1
6762 1
286 1
2381 1
11537 1
4637 1
11404 1
6453 1
9505 1
2516 1
50304 1
41095 1
6461 1
3910 1
11164 1
23473 1
4657 1
1239 1
12552 1
701 1
3549 1
4755 1
9957 1
45352 1
4766 1
42541 1
14618 1
58271 1
41995 1
3320 1
8987 1
18101 1
9498 1
17408 1
9299 1
33891 1
7922 1
62785 1
13249 1
