节点总数:291
边总数:478
平均聚类系数(average clustering): 0.018947471832643854
网络传递性(transitivity): 0.08860759493670886
节点的度: 
4847 66
4808 60
4134 58
4837 46
4812 34
17621 27
9808 21
4809 17
23910 17
7497 15
23724 15
17623 13
4538 10
56048 10
37963 10
23911 9
45090 9
9929 9
58466 7
133111 7
4811 7
23650 7
9394 6
24151 5
17638 5
56013 5
24348 5
58536 5
38283 5
24400 5
55990 5
56282 5
17816 4
17622 4
133513 4
58811 4
58461 4
17430 4
23844 4
38365 4
59019 4
38381 4
9814 4
10212 4
18245 3
17964 3
4816 3
24489 3
24424 3
58448 3
58519 3
24138 3
56040 3
24445 3
55468 3
9812 3
9308 3
17428 3
63612 3
58850 3
134417 3
24134 3
9809 3
38372 3
38375 3
24430 3
59078 3
37965 3
9939 3
38358 3
58866 3
24409 2
58879 2
17969 2
133774 2
59265 2
24357 2
24358 2
24364 2
24367 2
24139 2
63582 2
24356 2
24350 2
38370 2
135061 2
56042 2
38019 2
24547 2
56005 2
58593 2
45062 2
7641 2
133865 2
55994 2
58541 2
59029 2
59083 2
45110 2
134772 2
131325 2
10206 2
9811 2
4835 2
37937 2
9803 2
45079 2
131486 2
45075 2
56003 2
56002 2
38057 2
55966 2
59065 2
63580 2
63634 2
63570 2
59073 2
55982 2
55971 2
38342 2
9389 2
55956 2
24147 2
59089 2
18239 2
38363 2
38380 2
38378 2
24427 2
18118 2
23853 2
17775 2
56015 2
23771 2
63617 2
58862 2
38027 2
132510 2
55958 2
9805 2
37942 2
17781 2
24143 2
17739 2
45071 2
56012 2
24495 2
9306 2
9807 2
23841 2
9810 2
56000 2
38345 1
45083 1
134768 1
17429 1
59034 1
134763 1
134764 1
58543 1
136959 1
45084 1
59025 1
133775 1
133776 1
24490 1
55439 1
24355 1
133465 1
24360 1
133517 1
38587 1
133512 1
24362 1
24349 1
45576 1
24352 1
133518 1
58834 1
45275 1
136190 1
17962 1
134761 1
134756 1
63835 1
56044 1
56046 1
56047 1
45057 1
63571 1
132525 1
24444 1
134810 1
56041 1
58542 1
134762 1
17799 1
59037 1
134765 1
45101 1
131558 1
133952 1
24413 1
134542 1
63548 1
55967 1
45061 1
63655 1
134543 1
55960 1
135629 1
58563 1
58540 1
9802 1
134769 1
134238 1
136188 1
134771 1
17968 1
17490 1
134420 1
134419 1
38341 1
133119 1
55992 1
63590 1
55973 1
4859 1
63690 1
59067 1
58854 1
135357 1
59049 1
4611 1
63646 1
63641 1
38238 1
131577 1
131519 1
63561 1
63689 1
9801 1
133118 1
59074 1
131521 1
63696 1
63697 1
59009 1
58852 1
134766 1
59077 1
9401 1
59011 1
45113 1
24137 1
58539 1
17897 1
63838 1
38364 1
58518 1
58517 1
58520 1
38346 1
24141 1
55998 1
38379 1
38367 1
131562 1
55461 1
24422 1
17633 1
9806 1
24406 1
18242 1
56019 1
45086 1
134770 1
133219 1
56006 1
37970 1
23848 1
58571 1
23839 1
23842 1
24575 1
18241 1
7640 1
24416 1
23851 1
63555 1
