节点总数:971
边总数:976
平均聚类系数(average clustering): 0.0
网络传递性(transitivity): 0
节点的度: 
701 945
33154 32
3356 2
174 2
209 2
54934 2
26257 2
54559 2
3491 1
10912 1
6939 1
702 1
2914 1
53393 1
32308 1
7029 1
17405 1
3257 1
7018 1
6461 1
15202 1
32059 1
22116 1
393365 1
23256 1
33740 1
394976 1
27565 1
32467 1
46601 1
33616 1
7381 1
10397 1
13458 1
16779 1
394736 1
46639 1
394117 1
394301 1
22709 1
3729 1
33354 1
23170 1
17361 1
1642 1
10998 1
14725 1
30115 1
12257 1
22280 1
6307 1
14267 1
6318 1
29970 1
6195 1
6319 1
14056 1
40607 1
6253 1
17178 1
18848 1
19111 1
33121 1
7723 1
31824 1
16711 1
26144 1
63335 1
8161 1
10584 1
33598 1
40844 1
7046 1
14696 1
27358 1
15262 1
32206 1
14010 1
26789 1
14013 1
54959 1
23148 1
33358 1
23291 1
23153 1
19250 1
29767 1
26507 1
395098 1
30196 1
11760 1
54271 1
11486 1
53806 1
26662 1
14566 1
13789 1
703 1
26265 1
23005 1
396968 1
2906 1
27390 1
3763 1
27453 1
14525 1
14669 1
25630 1
393800 1
26646 1
32761 1
32663 1
33345 1
22044 1
395753 1
26654 1
46822 1
11931 1
14483 1
394122 1
36126 1
14744 1
10405 1
4549 1
395117 1
55052 1
11372 1
32763 1
17406 1
393693 1
13554 1
33378 1
54870 1
393418 1
393439 1
395009 1
36690 1
396322 1
396023 1
394930 1
16785 1
30665 1
10310 1
6984 1
6995 1
6167 1
1661 1
13666 1
396972 1
1699 1
26381 1
19405 1
15089 1
12153 1
32805 1
705 1
11716 1
7996 1
39997 1
13716 1
62574 1
10461 1
12234 1
46847 1
13893 1
30338 1
33252 1
14958 1
23219 1
36313 1
18573 1
22759 1
22617 1
16578 1
55182 1
32319 1
54451 1
25967 1
22530 1
35923 1
32330 1
21660 1
64279 1
1663 1
13462 1
20040 1
19462 1
11621 1
396240 1
20127 1
21780 1
394260 1
23057 1
39947 1
40711 1
10361 1
32058 1
53945 1
20088 1
22001 1
29898 1
714 1
17119 1
396524 1
393977 1
63321 1
25907 1
46202 1
54650 1
31892 1
26843 1
396922 1
21973 1
1339 1
14109 1
23079 1
30515 1
18478 1
22848 1
16898 1
22587 1
22417 1
46773 1
26959 1
17373 1
13782 1
19606 1
17155 1
32926 1
22575 1
46442 1
46765 1
33141 1
23500 1
19670 1
18746 1
63374 1
23402 1
27424 1
54589 1
397109 1
13508 1
33366 1
25936 1
18692 1
11251 1
26535 1
395284 1
396392 1
395414 1
4451 1
30441 1
27311 1
1419 1
40025 1
22794 1
46424 1
18684 1
13888 1
36336 1
7170 1
21975 1
6620 1
22664 1
53720 1
18790 1
10694 1
18842 1
18829 1
22314 1
19103 1
22204 1
1689 1
3614 1
11743 1
32254 1
394575 1
22992 1
23274 1
23280 1
7078 1
19535 1
25843 1
20385 1
395699 1
11847 1
25892 1
18659 1
5050 1
26801 1
16877 1
15147 1
16931 1
17059 1
14919 1
16599 1
36234 1
14551 1
16567 1
7799 1
19460 1
26842 1
36579 1
23550 1
30524 1
16659 1
36590 1
18891 1
8075 1
23199 1
19886 1
395915 1
32833 1
29933 1
12098 1
19641 1
393988 1
18902 1
54705 1
396941 1
7310 1
22317 1
27468 1
29729 1
19434 1
32982 1
29874 1
14136 1
40397 1
32973 1
23080 1
11160 1
20400 1
19353 1
16829 1
14424 1
26455 1
7045 1
30563 1
33717 1
54678 1
395513 1
54883 1
33278 1
11347 1
12101 1
395331 1
22124 1
54268 1
22470 1
22288 1
29822 1
30328 1
25931 1
18459 1
11609 1
33222 1
22527 1
11217 1
11860 1
1615 1
33261 1
20027 1
23088 1
53936 1
16981 1
36107 1
54892 1
23008 1
7407 1
31947 1
6143 1
18690 1
32942 1
22130 1
30301 1
13690 1
3925 1
22815 1
394096 1
393432 1
63362 1
46622 1
26645 1
395824 1
40532 1
395410 1
14251 1
6256 1
4888 1
25692 1
25896 1
13729 1
22580 1
396452 1
46643 1
395650 1
395116 1
14279 1
22702 1
5650 1
21610 1
813 1
25801 1
14203 1
12182 1
26738 1
10823 1
22918 1
62542 1
30121 1
13996 1
397151 1
109 1
63306 1
17281 1
4208 1
11495 1
32754 1
22727 1
14740 1
3369 1
1326 1
1323 1
1325 1
22438 1
19210 1
19749 1
1358 1
394262 1
19197 1
17151 1
54799 1
13745 1
11653 1
22976 1
46613 1
33363 1
12179 1
16524 1
396493 1
11222 1
26630 1
14556 1
12273 1
7143 1
36758 1
18594 1
510 1
46644 1
32268 1
30305 1
6498 1
14265 1
54119 1
32110 1
6130 1
1280 1
11862 1
393587 1
33529 1
33615 1
54552 1
7843 1
26427 1
15133 1
15297 1
19174 1
10879 1
4983 1
14433 1
36067 1
14904 1
15006 1
1747 1
17390 1
2002 1
78 1
22284 1
4130 1
12229 1
1261 1
396434 1
2013 1
17054 1
3378 1
22877 1
125 1
18666 1
46846 1
30614 1
394990 1
22717 1
3455 1
3606 1
106 1
11985 1
5049 1
23503 1
11676 1
22907 1
13336 1
40736 1
22604 1
53927 1
10599 1
396016 1
15013 1
17248 1
13639 1
3745 1
40459 1
1321 1
6075 1
23154 1
3680 1
21680 1
27402 1
16681 1
32023 1
40567 1
17366 1
11228 1
14864 1
14733 1
11452 1
62974 1
10857 1
4583 1
54363 1
1294 1
14906 1
396148 1
22336 1
25673 1
13778 1
33442 1
25996 1
395527 1
13376 1
122 1
17199 1
11396 1
21558 1
16669 1
14210 1
7127 1
17003 1
18456 1
20437 1
13322 1
40923 1
20426 1
16728 1
20062 1
395949 1
393611 1
6979 1
16561 1
32577 1
25807 1
40196 1
26423 1
11829 1
63255 1
26442 1
13900 1
4196 1
2011 1
7743 1
18727 1
30175 1
7358 1
394249 1
33043 1
21595 1
16793 1
26395 1
26478 1
394417 1
25763 1
11911 1
31865 1
7754 1
17275 1
10995 1
22125 1
26579 1
46313 1
17374 1
17052 1
10615 1
26539 1
25667 1
17282 1
13688 1
394453 1
54864 1
6949 1
13882 1
54972 1
62795 1
16504 1
7116 1
25687 1
62942 1
40794 1
36161 1
27336 1
6404 1
27343 1
26485 1
46512 1
31880 1
30437 1
19574 1
11409 1
22809 1
33619 1
25733 1
21965 1
19512 1
6524 1
63138 1
63174 1
3926 1
7838 1
16821 1
17386 1
10662 1
40390 1
11379 1
11520 1
11313 1
3769 1
36566 1
36567 1
36568 1
36569 1
36570 1
36573 1
36574 1
36575 1
36576 1
36577 1
36578 1
36580 1
36761 1
36762 1
36764 1
36765 1
36768 1
36769 1
36772 1
36787 1
54204 1
36581 1
36766 1
394400 1
394401 1
32795 1
36571 1
36572 1
36760 1
36767 1
62481 1
30337 1
40375 1
17161 1
22808 1
12245 1
17130 1
27285 1
4546 1
53585 1
36032 1
7317 1
32430 1
21789 1
7270 1
22057 1
14466 1
25972 1
394946 1
20249 1
22920 1
393456 1
12187 1
32273 1
33551 1
6973 1
40147 1
11685 1
3147 1
21568 1
396533 1
26764 1
26517 1
13416 1
17044 1
17389 1
11740 1
21833 1
3573 1
10794 1
33138 1
25934 1
395659 1
22135 1
18773 1
40872 1
36408 1
53524 1
54735 1
16778 1
36224 1
21759 1
22233 1
26365 1
29764 1
23104 1
19819 1
46142 1
21764 1
396531 1
26450 1
19395 1
54533 1
15327 1
12236 1
16868 1
393638 1
10298 1
3081 1
25883 1
11360 1
21987 1
394246 1
22696 1
63480 1
21763 1
3738 1
21842 1
11199 1
22567 1
32869 1
11165 1
14151 1
11787 1
46398 1
36153 1
26425 1
395228 1
54822 1
19691 1
21758 1
16801 1
25984 1
62735 1
22246 1
14783 1
4563 1
3364 1
23010 1
18816 1
62933 1
55127 1
62971 1
29207 1
53811 1
30595 1
63050 1
46097 1
30239 1
46739 1
21504 1
54967 1
55063 1
55179 1
396062 1
19677 1
394724 1
22460 1
14320 1
32510 1
30330 1
15303 1
31911 1
25966 1
18469 1
22283 1
36847 1
55292 1
22840 1
13892 1
40227 1
40578 1
3458 1
16792 1
40185 1
395196 1
11277 1
23251 1
20139 1
17381 1
19065 1
46982 1
1414 1
54824 1
25777 1
46089 1
13858 1
396011 1
26001 1
10690 1
393570 1
27277 1
6976 1
33593 1
27223 1
394650 1
32410 1
16638 1
1399 1
7227 1
20230 1
21676 1
30560 1
16875 1
10913 1
32861 1
16541 1
15137 1
33377 1
26931 1
22229 1
19769 1
23049 1
394712 1
5036 1
53647 1
19860 1
54459 1
21964 1
11334 1
32520 1
40288 1
7133 1
19621 1
11746 1
14088 1
22574 1
25869 1
21596 1
29878 1
29766 1
396345 1
22883 1
46318 1
33478 1
32048 1
32049 1
32047 1
26334 1
26059 1
16758 1
18757 1
54986 1
40886 1
14898 1
20479 1
32139 1
53973 1
22835 1
33504 1
5088 1
7021 1
31854 1
40518 1
23139 1
35850 1
17339 1
6462 1
36259 1
6646 1
11069 1
6109 1
27003 1
26153 1
36489 1
27019 1
395440 1
14990 1
13581 1
40212 1
6220 1
7384 1
13391 1
19796 1
26966 1
30434 1
32661 1
18994 1
36783 1
39973 1
396387 1
18597 1
40262 1
22103 1
19898 1
63117 1
17382 1
22134 1
21576 1
32802 1
33131 1
14070 1
40616 1
27020 1
26461 1
22821 1
13629 1
1239 1
40549 1
22028 1
14681 1
33645 1
63148 1
20472 1
23097 1
13710 1
11449 1
15134 1
32377 1
17076 1
46919 1
13445 1
30430 1
19664 1
11437 1
30477 1
22034 1
19615 1
10676 1
393827 1
394389 1
6493 1
27021 1
394770 1
11023 1
4393 1
46204 1
16999 1
6379 1
30523 1
26363 1
30346 1
16463 1
53557 1
30142 1
10440 1
13565 1
25878 1
13630 1
32260 1
30149 1
20296 1
26787 1
3585 1
25771 1
12079 1
