节点总数:361
边总数:655
平均聚类系数(average clustering): 0.06202514818616566
网络传递性(transitivity): 0.1346483704974271
节点的度: 
4134 72
4847 72
4808 69
4837 58
4538 49
17621 44
4812 36
9808 24
23724 23
23910 21
7497 20
17623 18
4809 17
133111 15
56048 15
24138 12
17816 11
4811 11
37963 10
9929 10
58466 10
55990 10
23650 9
45090 9
23911 8
9394 8
24400 8
17622 7
24348 7
7641 7
136958 7
24151 6
17638 6
38283 6
38365 6
59078 6
17964 5
18245 5
59019 5
58536 5
9814 5
131486 5
17428 5
135629 5
9308 5
55994 5
58461 4
56013 4
24364 4
133513 4
135061 4
134417 4
58811 4
24350 4
38381 4
45062 4
10212 4
56040 4
17430 4
63612 4
23848 4
38057 4
56282 4
24134 4
23844 4
38375 4
24489 3
4816 3
24353 3
38587 3
58448 3
63646 3
45110 3
24352 3
58862 3
56042 3
132510 3
24445 3
58541 3
4835 3
58519 3
58593 3
58879 3
55468 3
45079 3
24143 3
63570 3
58850 3
9809 3
24430 3
23853 3
17775 3
56015 3
9939 3
38358 3
58866 3
24409 2
24361 2
24362 2
24363 2
17969 2
133774 2
24367 2
59022 2
24360 2
133512 2
17962 2
59077 2
55641 2
133865 2
24349 2
63582 2
59012 2
137715 2
24371 2
24368 2
209300 2
38342 2
63629 2
58834 2
63727 2
10206 2
134543 2
133119 2
24547 2
132525 2
45275 2
134761 2
58542 2
134419 2
138950 2
134756 2
134774 2
137702 2
137697 2
131325 2
45057 2
38370 2
209306 2
56005 2
59029 2
59083 2
63581 2
63548 2
55960 2
9812 2
9811 2
138371 2
37937 2
38341 2
137699 2
45075 2
55992 2
56003 2
56002 2
55966 2
63580 2
4611 2
63615 2
45086 2
137806 2
59009 2
59073 2
55982 2
55971 2
55956 2
24147 2
38364 2
59089 2
18239 2
38363 2
38346 2
56019 2
38380 2
38378 2
9803 2
24427 2
18118 2
63617 2
38027 2
55958 2
9805 2
37942 2
17781 2
17739 2
45071 2
56012 2
24424 2
9306 2
9807 2
9389 2
9810 2
37965 2
56000 2
24406 1
139007 1
45083 1
24490 1
132147 1
134768 1
17429 1
59034 1
138369 1
138393 1
138438 1
137687 1
134763 1
134764 1
58543 1
136959 1
45084 1
133775 1
133776 1
59265 1
55439 1
24302 1
133465 1
37936 1
24141 1
38345 1
9405 1
45576 1
55826 1
24239 1
24372 1
134169 1
134542 1
138421 1
137539 1
133118 1
38019 1
56044 1
134810 1
56046 1
56041 1
24444 1
56047 1
137726 1
17897 1
17799 1
134420 1
136197 1
58563 1
58540 1
63835 1
63838 1
134765 1
134766 1
134238 1
134769 1
136188 1
134771 1
136190 1
134772 1
136200 1
137693 1
137689 1
137692 1
132153 1
63571 1
205610 1
204185 1
4842 1
134762 1
24356 1
138182 1
59037 1
131506 1
55996 1
45101 1
131558 1
133952 1
24413 1
135357 1
55461 1
138979 1
138570 1
133219 1
55967 1
45061 1
63655 1
9801 1
24358 1
24359 1
24370 1
138441 1
138377 1
9802 1
24139 1
24369 1
24357 1
138376 1
24355 1
24354 1
134770 1
138373 1
63565 1
17968 1
17490 1
138375 1
138374 1
55973 1
4859 1
63690 1
59067 1
58854 1
59049 1
63641 1
63634 1
63722 1
131497 1
38238 1
131577 1
131519 1
131541 1
137764 1
59074 1
137710 1
137782 1
9392 1
137759 1
63561 1
63696 1
132203 1
58852 1
59011 1
45113 1
138440 1
24137 1
138378 1
45058 1
58518 1
58517 1
58520 1
38379 1
55998 1
138407 1
38372 1
38367 1
131562 1
138381 1
132553 1
24422 1
23771 1
18242 1
137690 1
37970 1
58571 1
23839 1
23842 1
24575 1
24495 1
138442 1
18241 1
7640 1
137767 1
24416 1
23851 1
17633 1
45074 1
63555 1
