节点总数:4662
边总数:4984
平均聚类系数(average clustering): 0.005794638606767289
网络传递性(transitivity): 0.09033613445378151
节点的度: 
38255 3970
4538 161
4134 121
4837 51
23910 51
4808 46
9808 41
38272 40
4847 35
17621 29
4812 27
139317 25
133111 21
24400 21
56048 20
23650 19
37963 18
140083 18
140345 17
137693 16
55990 15
23724 15
131285 15
140365 15
140485 14
4811 13
56040 13
134238 13
45090 12
134768 12
58466 11
9929 11
140647 11
136958 11
4809 10
59019 10
59078 10
10212 10
38283 9
23911 9
23848 9
140330 9
7497 8
24348 8
17428 8
38365 7
45062 7
140056 7
58461 6
24151 6
133512 6
131486 6
45110 6
137735 6
142553 6
17622 5
134169 5
58536 5
59073 5
137758 5
58593 5
56006 5
139138 5
137718 5
24406 4
17623 4
24364 4
18245 4
55960 4
133513 4
58448 4
58811 4
133865 4
63646 4
9814 4
45079 4
38381 4
45576 4
56041 4
138950 4
139328 4
140726 4
137799 4
134773 4
55992 4
134478 4
24409 4
58542 3
138421 3
4816 3
135061 3
58563 3
17816 3
24349 3
24350 3
24352 3
24355 3
24361 3
138371 3
24369 3
24489 3
9812 3
38367 3
131578 3
59012 3
59083 3
17775 3
58519 3
55994 3
63561 3
59074 3
23853 3
135629 3
58866 3
140731 3
206628 3
24239 3
138517 3
139721 3
139182 3
139179 3
4842 3
139141 3
139136 3
58834 3
56046 3
141425 3
45275 3
55996 3
134756 2
134774 2
134772 2
58854 2
137266 2
133774 2
24357 2
24353 2
24356 2
138378 2
138393 2
24358 2
24362 2
24363 2
24367 2
24371 2
133475 2
59022 2
139726 2
136237 2
38238 2
133465 2
38019 2
9818 2
45061 2
133518 2
38587 2
24424 2
24150 2
38355 2
59029 2
133119 2
24139 2
63689 2
63582 2
37942 2
55966 2
9405 2
137798 2
7641 2
137715 2
137782 2
63570 2
10206 2
134761 2
4859 2
209300 2
63641 2
63619 2
59068 2
136200 2
139178 2
137695 2
58540 2
142164 2
141445 2
139139 2
38342 2
137767 2
63629 2
134542 2
24547 2
56042 2
56044 2
132525 2
23844 2
137726 2
134420 2
58541 2
136195 2
63835 2
137702 2
140292 2
58543 2
137697 2
131325 2
209650 2
56002 2
139589 2
18239 2
18241 2
38345 1
139007 1
142404 1
132147 1
137687 1
139018 1
136192 1
136959 1
58539 1
133775 1
133776 1
58772 1
134760 1
24351 1
55826 1
138182 1
138374 1
138375 1
24354 1
138441 1
138376 1
138377 1
138381 1
138442 1
138438 1
138440 1
138369 1
24359 1
24360 1
24365 1
24368 1
138373 1
138370 1
24370 1
24372 1
142067 1
142068 1
142069 1
142070 1
142071 1
142072 1
142073 1
142074 1
142075 1
142076 1
142077 1
142078 1
142079 1
142080 1
142081 1
142084 1
142083 1
142085 1
142086 1
142087 1
142088 1
142089 1
142090 1
142091 1
142092 1
142093 1
142094 1
142095 1
142096 1
142097 1
142098 1
142099 1
142100 1
142101 1
142102 1
142103 1
142104 1
142105 1
142106 1
24490 1
24445 1
57330 1
59265 1
24366 1
132553 1
55439 1
24302 1
38323 1
7586 1
37936 1
133517 1
133515 1
17968 1
55641 1
63581 1
24423 1
55962 1
63704 1
131137 1
38364 1
141771 1
18244 1
131521 1
139090 1
149795 1
59025 1
139188 1
139161 1
139112 1
56004 1
139154 1
142418 1
141429 1
134477 1
142112 1
149292 1
211843 1
134488 1
142642 1
142582 1
39753 1
142111 1
137835 1
142554 1
140506 1
209306 1
136591 1
134708 1
132623 1
142438 1
141776 1
141694 1
139231 1
133555 1
139122 1
58828 1
140979 1
140717 1
140716 1
140720 1
140707 1
134543 1
140886 1
137539 1
133118 1
132510 1
134810 1
24444 1
56047 1
139080 1
140105 1
142650 1
142651 1
142652 1
142653 1
142654 1
142655 1
142656 1
142657 1
142658 1
142659 1
142660 1
142661 1
142662 1
142663 1
142664 1
142665 1
142666 1
142667 1
142668 1
142669 1
142670 1
142671 1
142672 1
142673 1
142674 1
142675 1
142676 1
142677 1
142678 1
142679 1
142680 1
142681 1
142682 1
142683 1
142684 1
142685 1
142686 1
142687 1
142688 1
142689 1
142690 1
142691 1
142692 1
142693 1
142694 1
142695 1
142696 1
142697 1
142698 1
142699 1
142700 1
142701 1
142702 1
142703 1
142704 1
142705 1
142706 1
142707 1
142708 1
142709 1
142710 1
142711 1
142712 1
142713 1
142714 1
142715 1
142716 1
142717 1
142718 1
142719 1
142720 1
142721 1
142722 1
142723 1
142724 1
142725 1
142726 1
142727 1
142728 1
142729 1
142730 1
142731 1
142732 1
142733 1
142734 1
142735 1
142736 1
142737 1
142738 1
142739 1
142740 1
142741 1
142742 1
142743 1
142744 1
142745 1
142746 1
142747 1
142748 1
142749 1
142750 1
142751 1
142752 1
142753 1
142754 1
142755 1
142756 1
142757 1
142758 1
142759 1
142760 1
142761 1
142762 1
142763 1
142764 1
142765 1
142766 1
142767 1
142768 1
142769 1
142770 1
142771 1
142772 1
142773 1
142774 1
142775 1
142776 1
142777 1
142778 1
142779 1
142780 1
142781 1
142782 1
142783 1
142784 1
142785 1
142786 1
142787 1
142788 1
142789 1
142790 1
142791 1
142792 1
142793 1
142794 1
142795 1
142796 1
142797 1
142798 1
142799 1
142800 1
142801 1
142802 1
142803 1
142804 1
142805 1
142806 1
142807 1
142808 1
142809 1
142810 1
142811 1
142812 1
142813 1
142814 1
142815 1
142816 1
142817 1
142818 1
142819 1
142820 1
142821 1
142822 1
142823 1
142824 1
142825 1
142826 1
142827 1
142828 1
142829 1
142830 1
142831 1
142832 1
142833 1
142834 1
142835 1
142836 1
142837 1
142838 1
142839 1
142840 1
142841 1
142842 1
142843 1
142844 1
142845 1
142846 1
142847 1
142848 1
142849 1
142850 1
142851 1
142852 1
142853 1
142854 1
142855 1
142856 1
142857 1
142858 1
142859 1
142860 1
142861 1
142862 1
142863 1
142864 1
142865 1
142866 1
142867 1
142868 1
142869 1
142870 1
142871 1
142872 1
142873 1
142874 1
142875 1
142876 1
142877 1
142878 1
142879 1
142880 1
142881 1
142882 1
142883 1
142884 1
142885 1
142886 1
142887 1
142888 1
142889 1
142890 1
142891 1
142892 1
142893 1
142894 1
142895 1
142896 1
142897 1
142898 1
142899 1
142900 1
142901 1
142902 1
142903 1
142904 1
142905 1
142906 1
142907 1
142908 1
142909 1
142910 1
142911 1
142912 1
142913 1
142914 1
142915 1
142916 1
142917 1
142918 1
142919 1
142920 1
142921 1
142922 1
142923 1
142924 1
142925 1
142926 1
142927 1
142928 1
142929 1
142930 1
142931 1
142932 1
142933 1
142934 1
142935 1
142936 1
142937 1
142938 1
142939 1
142940 1
142941 1
142942 1
142943 1
142944 1
142945 1
142946 1
142947 1
142948 1
142949 1
142950 1
142951 1
142952 1
142953 1
142954 1
142955 1
142956 1
142957 1
142958 1
142959 1
142960 1
142961 1
142962 1
142963 1
142964 1
142965 1
142966 1
142967 1
142968 1
142969 1
142970 1
142971 1
142972 1
142973 1
142974 1
142975 1
142976 1
142977 1
142978 1
142979 1
142980 1
142981 1
142982 1
142983 1
142984 1
142985 1
142986 1
142987 1
142988 1
142989 1
142990 1
142991 1
142992 1
142993 1
142994 1
142995 1
142996 1
142997 1
142998 1
142999 1
143000 1
143001 1
143002 1
143003 1
143004 1
143005 1
143006 1
143007 1
143008 1
143009 1
143010 1
143011 1
143012 1
143013 1
143014 1
143015 1
143016 1
143017 1
143018 1
143019 1
143020 1
143021 1
143022 1
143023 1
143024 1
143025 1
143026 1
143027 1
143028 1
143029 1
143030 1
143031 1
143032 1
143033 1
143034 1
143035 1
143036 1
143037 1
143038 1
143039 1
143040 1
143041 1
143042 1
143043 1
143044 1
143045 1
143046 1
143047 1
143048 1
143049 1
143050 1
143051 1
143052 1
143053 1
143054 1
143055 1
143056 1
143057 1
143058 1
143059 1
143060 1
143061 1
143062 1
143063 1
143064 1
143065 1
143066 1
143067 1
143068 1
143069 1
143070 1
143071 1
143072 1
143073 1
143074 1
143075 1
143076 1
143077 1
143078 1
143079 1
143080 1
143081 1
143082 1
143083 1
143084 1
143085 1
143086 1
143087 1
143088 1
143089 1
143090 1
143091 1
143092 1
143093 1
143094 1
143095 1
143096 1
143097 1
143098 1
143099 1
143100 1
143101 1
143102 1
143103 1
143104 1
143105 1
143106 1
143107 1
143108 1
143109 1
143110 1
143111 1
143112 1
143113 1
143114 1
143115 1
143116 1
143117 1
143118 1
143119 1
143120 1
143121 1
143122 1
143123 1
143124 1
143125 1
143126 1
143127 1
143128 1
143129 1
143130 1
143131 1
143132 1
143133 1
143134 1
143135 1
143136 1
143137 1
143138 1
143139 1
143140 1
143141 1
143142 1
143143 1
143144 1
143145 1
143146 1
143147 1
143148 1
143149 1
143150 1
143151 1
143152 1
143153 1
143154 1
143155 1
143156 1
143157 1
143158 1
143159 1
143160 1
143161 1
143162 1
143163 1
143164 1
143165 1
143166 1
143167 1
143168 1
143169 1
143170 1
143171 1
143172 1
143173 1
143174 1
143175 1
143176 1
143177 1
143178 1
143179 1
143180 1
143181 1
143182 1
143183 1
143184 1
143185 1
143186 1
143187 1
143188 1
143189 1
143190 1
143191 1
143192 1
143193 1
143194 1
143195 1
143196 1
143197 1
143198 1
143199 1
143200 1
143201 1
143202 1
143203 1
143204 1
143205 1
143206 1
143207 1
143208 1
143209 1
143210 1
143211 1
143212 1
143213 1
143214 1
143215 1
143216 1
143217 1
143218 1
143219 1
143220 1
143221 1
143222 1
143223 1
143224 1
143225 1
143226 1
143227 1
143228 1
143229 1
143230 1
143231 1
143232 1
143233 1
143234 1
143235 1
143236 1
143237 1
143238 1
143239 1
143240 1
143241 1
143242 1
143243 1
143244 1
143245 1
143246 1
143247 1
143248 1
143249 1
143250 1
143251 1
143252 1
143253 1
143254 1
143255 1
143256 1
143257 1
143258 1
143259 1
143260 1
143261 1
143262 1
143263 1
143264 1
143265 1
143266 1
143267 1
143268 1
143269 1
143270 1
143271 1
143272 1
143273 1
143274 1
143275 1
143276 1
143277 1
143278 1
143279 1
143280 1
143281 1
143282 1
143283 1
143284 1
143285 1
143286 1
143287 1
143288 1
143289 1
143290 1
143291 1
143292 1
143293 1
143294 1
143295 1
143296 1
143297 1
143298 1
143299 1
143300 1
143301 1
143302 1
143303 1
143304 1
143305 1
143306 1
143307 1
143308 1
143309 1
143310 1
143311 1
143312 1
143313 1
143314 1
143315 1
143316 1
143317 1
143318 1
143319 1
143320 1
143321 1
143322 1
143323 1
143324 1
143325 1
143326 1
143327 1
143328 1
143329 1
143330 1
143331 1
143332 1
143333 1
143334 1
143335 1
143336 1
143337 1
143338 1
143339 1
143340 1
143341 1
143342 1
143343 1
143344 1
143345 1
143346 1
143347 1
143348 1
143349 1
143350 1
143351 1
143352 1
143353 1
143354 1
143355 1
143356 1
143357 1
143358 1
143359 1
143360 1
143361 1
143362 1
143363 1
143364 1
143365 1
143366 1
143367 1
143368 1
143369 1
143370 1
143371 1
143372 1
143373 1
143374 1
143375 1
143376 1
143377 1
143378 1
143379 1
143380 1
143381 1
143382 1
143383 1
143384 1
143385 1
143386 1
143387 1
143388 1
143389 1
143390 1
143391 1
143392 1
143393 1
143394 1
143395 1
143396 1
143397 1
143398 1
143399 1
143400 1
143401 1
143402 1
143403 1
143404 1
143405 1
143406 1
143407 1
143408 1
143409 1
143410 1
143411 1
143412 1
143413 1
143414 1
143415 1
143416 1
143417 1
143418 1
143419 1
143420 1
143421 1
143422 1
143423 1
143424 1
143425 1
143426 1
143427 1
143428 1
143429 1
143430 1
143431 1
143432 1
143433 1
143434 1
143435 1
143436 1
143437 1
143438 1
143439 1
143440 1
143441 1
143442 1
143443 1
143444 1
143445 1
143446 1
143447 1
143448 1
143449 1
143450 1
143451 1
143452 1
143453 1
143454 1
143455 1
143456 1
143457 1
143458 1
143459 1
143460 1
143461 1
143462 1
143463 1
143464 1
143465 1
143466 1
143467 1
143468 1
143469 1
143470 1
143471 1
143472 1
143473 1
143474 1
143475 1
143476 1
143477 1
143478 1
143479 1
143480 1
143481 1
143482 1
143483 1
143484 1
143485 1
143486 1
143487 1
143488 1
143489 1
143490 1
143491 1
143492 1
143493 1
143494 1
143495 1
143496 1
143497 1
143498 1
143499 1
143500 1
143501 1
143502 1
143503 1
143504 1
143505 1
143506 1
143507 1
143508 1
143509 1
143510 1
143511 1
143512 1
143513 1
143514 1
143515 1
143516 1
143517 1
143518 1
143519 1
143520 1
143521 1
143522 1
143523 1
143524 1
143525 1
143526 1
143527 1
143528 1
143529 1
143530 1
143531 1
143532 1
143533 1
143534 1
143535 1
143536 1
143537 1
143538 1
143539 1
143540 1
143541 1
143542 1
143543 1
143544 1
143545 1
143546 1
143547 1
143548 1
143549 1
143550 1
143551 1
143552 1
143553 1
143554 1
143555 1
143556 1
143557 1
143558 1
143559 1
143560 1
143561 1
143562 1
143563 1
143564 1
143565 1
143566 1
143567 1
143568 1
143569 1
143570 1
143571 1
143572 1
143573 1
143574 1
143575 1
143576 1
143577 1
143578 1
143579 1
143580 1
143581 1
143582 1
143583 1
143584 1
143585 1
143586 1
143587 1
143588 1
143589 1
143590 1
143591 1
143592 1
143593 1
143594 1
143595 1
143596 1
143597 1
143598 1
143599 1
143600 1
143601 1
143602 1
143603 1
143604 1
143605 1
143606 1
143607 1
143608 1
143609 1
143610 1
143611 1
143612 1
143613 1
143614 1
143615 1
143616 1
143617 1
143618 1
143619 1
143620 1
143621 1
143622 1
143623 1
143624 1
143625 1
143626 1
143627 1
143628 1
143629 1
143630 1
143631 1
143632 1
143633 1
143634 1
143635 1
143636 1
143637 1
143638 1
143639 1
143640 1
143641 1
143642 1
143643 1
143644 1
143645 1
143646 1
143647 1
143648 1
143649 1
143650 1
143651 1
143652 1
143653 1
143654 1
143655 1
143656 1
143657 1
143658 1
143659 1
143660 1
143661 1
143662 1
143663 1
143664 1
143665 1
143666 1
143667 1
143668 1
143669 1
143670 1
143671 1
143672 1
143673 1
143674 1
143675 1
143676 1
143677 1
143678 1
143679 1
143680 1
143681 1
143682 1
143683 1
143684 1
143685 1
143686 1
143687 1
143688 1
143689 1
143690 1
143691 1
143692 1
143693 1
143694 1
143695 1
143696 1
143697 1
143698 1
143699 1
143700 1
143701 1
143702 1
143703 1
143704 1
143705 1
143706 1
143707 1
143708 1
143709 1
143710 1
143711 1
143712 1
143713 1
143714 1
143715 1
143716 1
143717 1
143718 1
143719 1
143720 1
143721 1
143722 1
143723 1
143724 1
143725 1
143726 1
143727 1
143728 1
143729 1
143730 1
143731 1
143732 1
143733 1
143734 1
143735 1
143736 1
143737 1
143738 1
143739 1
143740 1
143741 1
143742 1
143743 1
143744 1
143745 1
143746 1
143747 1
143748 1
143749 1
143750 1
143751 1
143752 1
143753 1
143754 1
143755 1
143756 1
143757 1
143758 1
143759 1
143760 1
143761 1
143762 1
143763 1
143764 1
143765 1
143766 1
143767 1
143768 1
143769 1
143770 1
143771 1
143772 1
143773 1
143774 1
143775 1
143776 1
143777 1
143778 1
143779 1
143780 1
143781 1
143782 1
143783 1
143784 1
143785 1
143786 1
143787 1
143788 1
143789 1
143790 1
143791 1
143792 1
143793 1
143794 1
143795 1
143796 1
143797 1
143798 1
143799 1
143800 1
143801 1
143802 1
143803 1
143804 1
143805 1
143806 1
143807 1
143808 1
143809 1
143810 1
143811 1
143812 1
143813 1
143814 1
143815 1
143816 1
143817 1
143818 1
143819 1
143820 1
143821 1
143822 1
143823 1
143824 1
143825 1
143826 1
143827 1
143828 1
143829 1
143830 1
143831 1
143832 1
143833 1
143834 1
143835 1
143836 1
143837 1
143838 1
143839 1
143840 1
143841 1
143842 1
143843 1
143844 1
143845 1
143846 1
143847 1
143848 1
143849 1
143850 1
143851 1
143852 1
143853 1
143854 1
143855 1
143856 1
143857 1
143858 1
143859 1
143860 1
143861 1
143862 1
143863 1
143864 1
143865 1
143866 1
143867 1
143868 1
143869 1
143870 1
143871 1
143872 1
143873 1
143874 1
143875 1
143876 1
143877 1
143878 1
143879 1
143880 1
143881 1
143882 1
143883 1
143884 1
143885 1
143886 1
143887 1
143888 1
143889 1
143890 1
143891 1
143892 1
143893 1
143894 1
143895 1
143896 1
143897 1
143898 1
143899 1
143900 1
143901 1
143902 1
143903 1
143904 1
143905 1
143906 1
143907 1
143908 1
143909 1
143910 1
143911 1
143912 1
143913 1
143914 1
143915 1
143916 1
143917 1
143918 1
143919 1
143920 1
143921 1
143922 1
143923 1
143924 1
143925 1
143926 1
143927 1
143928 1
143929 1
143930 1
143931 1
143932 1
143933 1
143934 1
143935 1
143936 1
143937 1
143938 1
143939 1
143940 1
143941 1
143942 1
143943 1
143944 1
143945 1
143946 1
143947 1
143948 1
143949 1
143950 1
143951 1
143952 1
143953 1
143954 1
143955 1
143956 1
143957 1
143958 1
143959 1
143960 1
143961 1
143962 1
143963 1
143964 1
143965 1
143966 1
143967 1
143968 1
143969 1
143970 1
143971 1
143972 1
143973 1
143974 1
143975 1
143976 1
143977 1
143978 1
143979 1
143980 1
143981 1
143982 1
143983 1
143984 1
143985 1
143986 1
143987 1
143988 1
143989 1
143990 1
143991 1
143992 1
143993 1
143994 1
143995 1
143996 1
143997 1
143998 1
143999 1
144000 1
144001 1
144002 1
144003 1
144004 1
144005 1
144006 1
144007 1
144008 1
144009 1
144010 1
144011 1
144012 1
144013 1
144014 1
144015 1
144016 1
144017 1
144018 1
144019 1
144020 1
144021 1
144022 1
144023 1
144024 1
144025 1
144026 1
144027 1
144028 1
144029 1
144030 1
144031 1
144032 1
144033 1
144034 1
144035 1
144036 1
144037 1
144038 1
144039 1
144040 1
144041 1
144042 1
144043 1
144044 1
144045 1
144046 1
144047 1
144048 1
144049 1
144050 1
144051 1
144052 1
144053 1
144054 1
144055 1
144056 1
144057 1
144058 1
144059 1
144060 1
144061 1
144062 1
144063 1
144064 1
144065 1
144066 1
144067 1
144068 1
144069 1
144070 1
144071 1
144072 1
144073 1
144074 1
144075 1
144076 1
144077 1
144078 1
144079 1
144080 1
144081 1
144082 1
144083 1
144084 1
144085 1
144086 1
144087 1
144088 1
144089 1
144090 1
144091 1
144092 1
144093 1
144094 1
144095 1
144096 1
144097 1
144098 1
144099 1
144100 1
144101 1
144102 1
144103 1
144104 1
144105 1
144106 1
144107 1
144108 1
144109 1
144110 1
144111 1
144112 1
144113 1
144114 1
144115 1
144116 1
144117 1
144118 1
144119 1
144120 1
144121 1
144122 1
144123 1
144124 1
144125 1
144126 1
144127 1
144128 1
144129 1
144130 1
144131 1
144132 1
144133 1
144134 1
144135 1
144136 1
144137 1
144138 1
144139 1
144140 1
144141 1
144142 1
144143 1
144144 1
144145 1
144146 1
144147 1
144148 1
144149 1
144150 1
144151 1
144152 1
144153 1
144154 1
144155 1
144156 1
144157 1
144158 1
144159 1
144160 1
144161 1
144162 1
144163 1
144164 1
144165 1
144166 1
144167 1
144168 1
144169 1
144170 1
144171 1
144172 1
144173 1
144174 1
144175 1
144176 1
144177 1
144178 1
144179 1
144180 1
144181 1
144182 1
144183 1
144184 1
144185 1
144186 1
144187 1
144188 1
144189 1
144190 1
144191 1
144192 1
144193 1
144194 1
144195 1
144196 1
144197 1
144198 1
144199 1
144200 1
144201 1
144202 1
144203 1
144204 1
144205 1
144206 1
144207 1
144208 1
144209 1
144210 1
144211 1
144212 1
144213 1
144214 1
144215 1
144216 1
144217 1
144218 1
144219 1
144220 1
144221 1
144222 1
144223 1
144224 1
144225 1
144226 1
144227 1
144228 1
144229 1
144230 1
144231 1
144232 1
144233 1
144234 1
144235 1
144236 1
144237 1
144238 1
144239 1
144240 1
144241 1
144242 1
144243 1
144244 1
144245 1
144246 1
144247 1
144248 1
144249 1
144250 1
144251 1
144252 1
144253 1
144254 1
144255 1
144256 1
144257 1
144258 1
144259 1
144260 1
144261 1
144262 1
144263 1
144264 1
144265 1
144266 1
144267 1
144268 1
144269 1
144270 1
144271 1
144272 1
144273 1
144274 1
144275 1
144276 1
144277 1
144278 1
144279 1
144280 1
144281 1
144282 1
144283 1
144284 1
144285 1
144286 1
144287 1
144288 1
144289 1
144290 1
144291 1
144292 1
144293 1
144294 1
144295 1
144296 1
144297 1
144298 1
144299 1
144300 1
144301 1
144302 1
144303 1
144304 1
144305 1
144306 1
144307 1
144308 1
144309 1
144310 1
144311 1
144312 1
144313 1
144314 1
144315 1
144316 1
144317 1
144318 1
144319 1
144320 1
144321 1
144322 1
144323 1
144324 1
144325 1
144326 1
144327 1
144328 1
144329 1
144330 1
144331 1
144332 1
144333 1
144334 1
144335 1
144336 1
144337 1
144338 1
144339 1
144340 1
144341 1
144342 1
144343 1
144344 1
144345 1
144346 1
144347 1
144348 1
144349 1
144350 1
144351 1
144352 1
144353 1
144354 1
144355 1
144356 1
144357 1
144358 1
144359 1
144360 1
144361 1
144362 1
144363 1
144364 1
144365 1
144366 1
144367 1
144368 1
144369 1
144370 1
144371 1
144372 1
144373 1
144374 1
144375 1
144376 1
144377 1
144378 1
144379 1
144380 1
144381 1
144382 1
144383 1
144384 1
144385 1
144386 1
144387 1
144388 1
144389 1
144390 1
144391 1
144392 1
144393 1
144394 1
144395 1
144396 1
144397 1
144398 1
144399 1
144400 1
144401 1
144402 1
144403 1
144404 1
144405 1
144406 1
144407 1
144408 1
144409 1
144410 1
144411 1
144412 1
144413 1
144414 1
144415 1
144416 1
144417 1
144418 1
144419 1
144420 1
144421 1
144422 1
144423 1
144424 1
144425 1
144426 1
144427 1
144428 1
144429 1
144430 1
144431 1
144432 1
144433 1
144434 1
144435 1
144436 1
144437 1
144438 1
144439 1
144440 1
144441 1
144442 1
144443 1
144444 1
144445 1
144446 1
144447 1
144448 1
144449 1
144450 1
144451 1
144452 1
144453 1
144454 1
144455 1
144456 1
144457 1
144458 1
144459 1
144460 1
144461 1
144462 1
144463 1
144464 1
144465 1
144466 1
144467 1
144468 1
144469 1
144470 1
144471 1
144472 1
144473 1
144474 1
144475 1
144476 1
144477 1
144478 1
144479 1
144480 1
144481 1
144482 1
144483 1
144484 1
144485 1
144486 1
144487 1
144488 1
144489 1
144490 1
144491 1
144492 1
144493 1
144494 1
144495 1
144496 1
144497 1
144498 1
144499 1
144500 1
144501 1
144502 1
144503 1
144504 1
144505 1
144506 1
144507 1
144508 1
144509 1
144510 1
144511 1
144512 1
144513 1
144514 1
144515 1
144516 1
144517 1
144518 1
144519 1
144520 1
144521 1
144522 1
144523 1
144524 1
144525 1
144526 1
144527 1
144528 1
144529 1
144530 1
144531 1
144532 1
144533 1
144534 1
144535 1
144536 1
144537 1
144538 1
144539 1
144540 1
144541 1
144542 1
144543 1
144544 1
144545 1
144546 1
144547 1
144548 1
144549 1
144550 1
144551 1
144552 1
144553 1
144554 1
144555 1
144556 1
144557 1
144558 1
144559 1
144560 1
144561 1
144562 1
144563 1
144564 1
144565 1
144566 1
144567 1
144568 1
144569 1
144570 1
144571 1
144572 1
144573 1
144574 1
144575 1
144576 1
144577 1
144578 1
144579 1
144580 1
144581 1
144582 1
144583 1
144584 1
144585 1
144586 1
144587 1
144588 1
144589 1
144590 1
144591 1
144592 1
144593 1
144594 1
144595 1
144596 1
144597 1
144598 1
144599 1
144600 1
144601 1
144602 1
144603 1
144604 1
144605 1
144606 1
144607 1
144608 1
144609 1
144610 1
144611 1
144612 1
144613 1
144614 1
144615 1
144616 1
144617 1
144618 1
144619 1
144620 1
144621 1
144622 1
144623 1
144624 1
144625 1
144626 1
144627 1
144628 1
144629 1
144630 1
144631 1
144632 1
144633 1
144634 1
144635 1
144636 1
144637 1
144638 1
144639 1
144640 1
144641 1
144642 1
144643 1
144644 1
144645 1
144646 1
144647 1
144648 1
144649 1
144650 1
144651 1
144652 1
144653 1
144654 1
144655 1
144656 1
144657 1
144658 1
144659 1
144660 1
144661 1
144662 1
144663 1
144664 1
144665 1
144666 1
144667 1
144668 1
144669 1
144670 1
144671 1
144672 1
144673 1
144674 1
144675 1
144676 1
144677 1
144678 1
144679 1
144680 1
144681 1
144682 1
144683 1
144684 1
144685 1
144686 1
144687 1
144688 1
144689 1
144690 1
144691 1
144692 1
144693 1
144694 1
144695 1
144696 1
144697 1
144698 1
144699 1
144700 1
144701 1
144702 1
144703 1
144704 1
144705 1
144706 1
144707 1
144708 1
144709 1
144710 1
144711 1
144712 1
144713 1
144714 1
144715 1
144716 1
144717 1
144718 1
144719 1
144720 1
144721 1
144722 1
144723 1
144724 1
144725 1
144726 1
144727 1
144728 1
144729 1
144730 1
144731 1
144732 1
144733 1
144734 1
144735 1
144736 1
144737 1
144738 1
144739 1
144740 1
144741 1
144742 1
144743 1
144744 1
144745 1
144746 1
144747 1
144748 1
144749 1
144750 1
144751 1
144752 1
144753 1
144754 1
144755 1
144756 1
144757 1
144758 1
144759 1
144760 1
144761 1
144762 1
144763 1
144764 1
144765 1
144766 1
144767 1
144768 1
144769 1
144770 1
144771 1
144772 1
144773 1
144774 1
144775 1
144776 1
144777 1
144778 1
144779 1
144780 1
144781 1
144782 1
144783 1
144784 1
144785 1
144786 1
144787 1
144788 1
144789 1
144790 1
144791 1
144792 1
144793 1
144794 1
144795 1
144796 1
144797 1
144798 1
144799 1
144800 1
144801 1
144802 1
144803 1
144804 1
144805 1
144806 1
144807 1
144808 1
144809 1
144810 1
144811 1
144812 1
144813 1
144814 1
144815 1
144816 1
144817 1
144818 1
144819 1
144820 1
144821 1
144822 1
144823 1
144824 1
144825 1
144826 1
144827 1
144828 1
144829 1
144830 1
144831 1
144832 1
144833 1
144834 1
144835 1
144836 1
144837 1
144838 1
144839 1
144840 1
144841 1
144842 1
144843 1
144844 1
144845 1
144846 1
144847 1
144848 1
144849 1
144850 1
144851 1
144852 1
144853 1
144854 1
144855 1
144856 1
144857 1
144858 1
144859 1
144860 1
144861 1
144862 1
144863 1
144864 1
144865 1
144866 1
144867 1
144868 1
144869 1
144870 1
144871 1
144872 1
144873 1
144874 1
144875 1
144876 1
144877 1
144878 1
144879 1
144880 1
144881 1
144882 1
144883 1
144884 1
144885 1
144886 1
144887 1
144888 1
144889 1
144890 1
144891 1
144892 1
144893 1
144894 1
144895 1
144896 1
144897 1
144898 1
144899 1
144900 1
144901 1
144902 1
144903 1
144904 1
144905 1
144906 1
144907 1
144908 1
144909 1
144910 1
144911 1
144912 1
144913 1
144914 1
144915 1
144916 1
144917 1
144918 1
144919 1
144920 1
144921 1
144922 1
144923 1
144924 1
144925 1
144926 1
144927 1
144928 1
144929 1
144930 1
144931 1
144932 1
144933 1
144934 1
144935 1
144936 1
144937 1
144938 1
144939 1
144940 1
144941 1
144942 1
144943 1
144944 1
144945 1
144946 1
144947 1
144948 1
144949 1
144950 1
144951 1
144952 1
144953 1
144954 1
144955 1
144956 1
144957 1
144958 1
144959 1
144960 1
144961 1
144962 1
144963 1
144964 1
144965 1
144966 1
144967 1
144968 1
144969 1
144970 1
144971 1
144972 1
144973 1
144974 1
144975 1
144976 1
144977 1
144978 1
144979 1
144980 1
144981 1
144982 1
144983 1
144984 1
144985 1
144986 1
144987 1
144988 1
144989 1
144990 1
144991 1
144992 1
144993 1
144994 1
144995 1
144996 1
144997 1
144998 1
144999 1
145000 1
145001 1
145002 1
145003 1
145004 1
145005 1
145006 1
145007 1
145008 1
145009 1
145010 1
145011 1
145012 1
145013 1
145014 1
145015 1
145016 1
145017 1
145018 1
145019 1
145020 1
145021 1
145022 1
145023 1
145024 1
145025 1
145026 1
145027 1
145028 1
145029 1
145030 1
145031 1
145032 1
145033 1
145034 1
145035 1
145036 1
145037 1
145038 1
145039 1
145040 1
145041 1
145042 1
145043 1
145044 1
145045 1
145046 1
145047 1
145048 1
145049 1
145050 1
145051 1
145052 1
145053 1
145054 1
145055 1
145056 1
145057 1
145058 1
145059 1
145060 1
145061 1
145062 1
145063 1
145064 1
145065 1
145066 1
145067 1
145068 1
145069 1
145070 1
145071 1
145072 1
145073 1
145074 1
145075 1
145076 1
145077 1
145078 1
145079 1
145080 1
145081 1
145082 1
145083 1
145084 1
145085 1
145086 1
145087 1
145088 1
145089 1
145090 1
145091 1
145092 1
145093 1
145094 1
145095 1
145096 1
145097 1
145098 1
145099 1
145100 1
145101 1
145102 1
145103 1
145104 1
145105 1
145106 1
145107 1
145108 1
145109 1
145110 1
145111 1
145112 1
145113 1
145114 1
145115 1
145116 1
145117 1
145118 1
145119 1
145120 1
145121 1
145122 1
145123 1
145124 1
145125 1
145126 1
145127 1
145128 1
145129 1
145130 1
145131 1
145132 1
145133 1
145134 1
145135 1
145136 1
145137 1
145138 1
145139 1
145140 1
145141 1
145142 1
145143 1
145144 1
145145 1
145146 1
145147 1
145148 1
145149 1
145150 1
145151 1
145152 1
145153 1
145154 1
145155 1
145156 1
145157 1
145158 1
145159 1
145160 1
145161 1
145162 1
145163 1
145164 1
145165 1
145166 1
145167 1
145168 1
145169 1
145170 1
145171 1
145172 1
145173 1
145174 1
145175 1
145176 1
145177 1
145178 1
145179 1
145180 1
145181 1
145182 1
145183 1
145184 1
145185 1
145186 1
145187 1
145188 1
145189 1
145190 1
145191 1
145192 1
145193 1
145194 1
145195 1
145196 1
145197 1
145198 1
145199 1
145200 1
145201 1
145202 1
145203 1
145204 1
145205 1
145206 1
145207 1
145208 1
145209 1
145210 1
145211 1
145212 1
145213 1
145214 1
145215 1
145216 1
145217 1
145218 1
145219 1
145220 1
145221 1
145222 1
145223 1
145224 1
145225 1
145226 1
145227 1
145228 1
145229 1
145230 1
145231 1
145232 1
145233 1
145234 1
145235 1
145236 1
145237 1
145238 1
145239 1
145240 1
145241 1
145242 1
145243 1
145244 1
145245 1
145246 1
145247 1
145248 1
145249 1
145250 1
145251 1
145252 1
145253 1
145254 1
145255 1
145256 1
145257 1
145258 1
145259 1
145260 1
145261 1
145262 1
145263 1
145264 1
145265 1
145266 1
145267 1
145268 1
145269 1
145270 1
145271 1
145272 1
145273 1
145274 1
145275 1
145276 1
145277 1
145278 1
145279 1
145280 1
145281 1
145282 1
145283 1
145284 1
145285 1
145286 1
145287 1
145288 1
145289 1
145290 1
145291 1
145292 1
145293 1
145294 1
145295 1
145296 1
145297 1
145298 1
145299 1
145300 1
145301 1
145302 1
145303 1
145304 1
145305 1
145306 1
145307 1
145308 1
145309 1
145310 1
145311 1
145312 1
145313 1
145314 1
145315 1
145316 1
145317 1
145318 1
145319 1
145320 1
145321 1
145322 1
145323 1
145324 1
145325 1
145326 1
145327 1
145328 1
145329 1
145330 1
145331 1
145332 1
145333 1
145334 1
145335 1
145336 1
145337 1
145338 1
145339 1
145340 1
145341 1
145342 1
145343 1
145344 1
145345 1
145346 1
145347 1
145348 1
145349 1
145350 1
145351 1
145352 1
145353 1
145354 1
145355 1
145356 1
145357 1
145358 1
145359 1
145360 1
145361 1
145362 1
145363 1
145364 1
145365 1
145366 1
145367 1
145368 1
145369 1
145370 1
145371 1
145372 1
145373 1
145374 1
145375 1
145376 1
145377 1
145378 1
145379 1
145380 1
145381 1
145382 1
145383 1
145384 1
145385 1
145386 1
145387 1
145388 1
145389 1
145390 1
145391 1
145392 1
145393 1
145394 1
145395 1
145396 1
145397 1
145398 1
145399 1
145400 1
145401 1
145402 1
145403 1
145404 1
145405 1
145406 1
145407 1
145408 1
145409 1
145410 1
145411 1
145412 1
145413 1
145414 1
145415 1
145416 1
145417 1
145418 1
145419 1
145420 1
145421 1
145422 1
145423 1
145424 1
145425 1
145426 1
145427 1
145428 1
145429 1
145430 1
145431 1
145432 1
145433 1
145434 1
145435 1
145436 1
145437 1
145438 1
145439 1
145440 1
145441 1
145442 1
145443 1
145444 1
145445 1
145446 1
145447 1
145448 1
145449 1
145450 1
145451 1
145452 1
145453 1
145454 1
145455 1
145456 1
145457 1
145458 1
145459 1
145460 1
145461 1
145462 1
145463 1
145464 1
145465 1
145466 1
145467 1
145468 1
145469 1
145470 1
145471 1
145472 1
145473 1
145474 1
145475 1
145476 1
145477 1
145478 1
145479 1
145480 1
145481 1
145482 1
145483 1
145484 1
145485 1
145486 1
145487 1
145488 1
145489 1
145490 1
145491 1
145492 1
145493 1
145494 1
145495 1
145496 1
145497 1
145498 1
145499 1
145500 1
145501 1
145502 1
145503 1
145504 1
145505 1
145506 1
145507 1
145508 1
145509 1
145510 1
145511 1
145512 1
145513 1
145514 1
145515 1
145516 1
145517 1
145518 1
145519 1
145520 1
145521 1
145522 1
145523 1
145524 1
145525 1
145526 1
145527 1
145528 1
145529 1
145530 1
145531 1
145532 1
145533 1
145534 1
145535 1
145536 1
145537 1
145538 1
145539 1
145540 1
145541 1
145542 1
145543 1
145544 1
145545 1
145546 1
145547 1
145548 1
145549 1
145550 1
145551 1
145552 1
145553 1
145554 1
145555 1
145556 1
145557 1
145558 1
145559 1
145560 1
145561 1
145562 1
145563 1
145564 1
145565 1
145566 1
145567 1
145568 1
145569 1
145570 1
145571 1
145572 1
145573 1
145574 1
145575 1
145576 1
145577 1
145578 1
145579 1
145580 1
145581 1
145582 1
145583 1
145584 1
145585 1
145586 1
145587 1
145588 1
145589 1
145590 1
145591 1
145592 1
145593 1
145594 1
145595 1
145596 1
145597 1
145598 1
145599 1
145600 1
145601 1
145602 1
145603 1
145604 1
145605 1
145606 1
145607 1
145608 1
145609 1
145610 1
145611 1
145612 1
145613 1
145614 1
145615 1
145616 1
145617 1
145618 1
145619 1
145620 1
145621 1
145622 1
145623 1
145624 1
145625 1
145626 1
145627 1
145628 1
145629 1
145630 1
145631 1
145632 1
145633 1
145634 1
145635 1
145636 1
145637 1
145638 1
145639 1
145640 1
145641 1
145642 1
145643 1
145644 1
145645 1
145646 1
145647 1
145648 1
145649 1
145650 1
145651 1
145652 1
145653 1
145654 1
145655 1
145656 1
145657 1
145658 1
145659 1
145660 1
145661 1
145662 1
145663 1
145664 1
145665 1
145666 1
145667 1
145668 1
145669 1
145670 1
145671 1
145672 1
145673 1
145674 1
145675 1
145676 1
145677 1
145678 1
145679 1
145680 1
145681 1
145682 1
145683 1
145684 1
145685 1
145686 1
145687 1
145688 1
145689 1
145690 1
145691 1
145692 1
145693 1
145694 1
145695 1
145696 1
145697 1
145698 1
145699 1
145700 1
145701 1
145702 1
145703 1
145704 1
145705 1
145706 1
145707 1
145708 1
145709 1
145710 1
145711 1
145712 1
145713 1
145714 1
145715 1
145716 1
145717 1
145718 1
145719 1
145720 1
145721 1
145722 1
145723 1
145724 1
145725 1
145726 1
145727 1
145728 1
145729 1
145730 1
145731 1
145732 1
145733 1
145734 1
145735 1
145736 1
145737 1
145738 1
145739 1
145740 1
145741 1
145742 1
145743 1
145744 1
145745 1
145746 1
145747 1
145748 1
145749 1
145750 1
145751 1
145752 1
145753 1
145754 1
145755 1
145756 1
145757 1
145758 1
145759 1
145760 1
145761 1
145762 1
145763 1
145764 1
145765 1
145766 1
145767 1
145768 1
145769 1
145770 1
145771 1
145772 1
145773 1
145774 1
145775 1
145776 1
145777 1
145778 1
145779 1
145780 1
145781 1
145782 1
145783 1
145784 1
145785 1
145786 1
145787 1
145788 1
145789 1
145790 1
145791 1
145792 1
145793 1
145794 1
145795 1
145796 1
145797 1
145798 1
145799 1
145800 1
145801 1
145802 1
145803 1
145804 1
145805 1
145806 1
145807 1
145808 1
145809 1
145810 1
145811 1
145812 1
145813 1
145814 1
145815 1
145816 1
145817 1
145818 1
145819 1
145820 1
145821 1
145822 1
145823 1
145824 1
145825 1
145826 1
145827 1
145828 1
145829 1
145830 1
145831 1
145832 1
145833 1
145834 1
145835 1
145836 1
145837 1
145838 1
145839 1
145840 1
145841 1
145842 1
145843 1
145844 1
145845 1
145846 1
145847 1
145848 1
145849 1
145850 1
145851 1
145852 1
145853 1
145854 1
145855 1
145856 1
145857 1
145858 1
145859 1
145860 1
145861 1
145862 1
145863 1
145864 1
145865 1
145866 1
145867 1
145868 1
145869 1
145870 1
145871 1
145872 1
145873 1
145874 1
145875 1
145876 1
145877 1
145878 1
145879 1
145880 1
145881 1
145882 1
145883 1
145884 1
145885 1
145886 1
145887 1
145888 1
145889 1
145890 1
145891 1
145892 1
145893 1
145894 1
145895 1
145896 1
145897 1
145898 1
145899 1
145900 1
145901 1
145902 1
145903 1
145904 1
145905 1
145906 1
145907 1
145908 1
145909 1
145910 1
145911 1
145912 1
145913 1
145914 1
145915 1
145916 1
145917 1
145918 1
145919 1
145920 1
145921 1
145922 1
145923 1
145924 1
145925 1
145926 1
145927 1
145928 1
145929 1
145930 1
145931 1
145932 1
145933 1
145934 1
145935 1
145936 1
145937 1
145938 1
145939 1
145940 1
145941 1
145942 1
145943 1
145944 1
145945 1
145946 1
145947 1
145948 1
145949 1
145950 1
145951 1
145952 1
145953 1
145954 1
145955 1
145956 1
145957 1
145958 1
145959 1
145960 1
145961 1
145962 1
145963 1
145964 1
145965 1
145966 1
145967 1
145968 1
145969 1
145970 1
145971 1
145972 1
145973 1
145974 1
145975 1
145976 1
145977 1
145978 1
145979 1
145980 1
145981 1
145982 1
145983 1
145984 1
145985 1
145986 1
145987 1
145988 1
145989 1
145990 1
145991 1
145992 1
145993 1
145994 1
145995 1
145996 1
145997 1
145998 1
145999 1
146000 1
146001 1
146002 1
146003 1
146004 1
146005 1
146006 1
146007 1
146008 1
146009 1
146010 1
146011 1
146012 1
146013 1
146014 1
146015 1
146016 1
146017 1
146018 1
146019 1
146020 1
146021 1
146022 1
146023 1
146024 1
146025 1
146026 1
146027 1
146028 1
146029 1
146030 1
146031 1
146032 1
146033 1
146034 1
146035 1
146036 1
146037 1
146038 1
146039 1
146040 1
146041 1
146042 1
146043 1
146044 1
146045 1
146046 1
146047 1
146048 1
146049 1
146050 1
146051 1
146052 1
146053 1
146054 1
146055 1
146056 1
146057 1
146058 1
146059 1
146060 1
146061 1
146062 1
146063 1
146064 1
146065 1
146066 1
146067 1
146068 1
146069 1
146070 1
146071 1
146072 1
146073 1
146074 1
146075 1
146076 1
146077 1
146078 1
146079 1
146080 1
146081 1
146082 1
146083 1
146084 1
146085 1
146086 1
146087 1
146088 1
146089 1
146090 1
146091 1
146092 1
146093 1
146094 1
146095 1
146096 1
146097 1
146098 1
146099 1
146100 1
146101 1
146102 1
146103 1
146104 1
146105 1
146106 1
146107 1
146108 1
146109 1
146110 1
146111 1
146112 1
146113 1
146114 1
146115 1
146116 1
146117 1
146118 1
146119 1
146120 1
146121 1
146122 1
146123 1
146124 1
146125 1
146126 1
146127 1
146128 1
146129 1
146130 1
146131 1
146132 1
146133 1
146134 1
146135 1
146136 1
146137 1
146138 1
146139 1
146140 1
146141 1
146142 1
146143 1
146144 1
146145 1
146146 1
146147 1
146148 1
146149 1
146150 1
146151 1
146152 1
146153 1
146154 1
146155 1
146156 1
146157 1
146158 1
146159 1
146160 1
146161 1
146162 1
146163 1
146164 1
146165 1
146166 1
146167 1
146168 1
146169 1
146170 1
146171 1
146172 1
146173 1
146174 1
146175 1
146176 1
146177 1
146178 1
146179 1
146180 1
146181 1
146182 1
146183 1
146184 1
146185 1
146186 1
146187 1
146188 1
146189 1
146190 1
146191 1
146192 1
146193 1
146194 1
146195 1
146196 1
146197 1
146198 1
146199 1
146200 1
146201 1
146202 1
146203 1
146204 1
146205 1
146206 1
146207 1
146208 1
146209 1
146210 1
146211 1
146212 1
146213 1
146214 1
146215 1
146216 1
146217 1
146218 1
146219 1
146220 1
146221 1
146222 1
146223 1
146224 1
146225 1
146226 1
146227 1
146228 1
146229 1
146230 1
146231 1
146232 1
146233 1
146234 1
146235 1
146236 1
146237 1
146238 1
146239 1
146240 1
146241 1
146242 1
146243 1
146244 1
146245 1
146246 1
146247 1
146248 1
146249 1
146250 1
146251 1
146252 1
146253 1
146254 1
146255 1
146256 1
146257 1
146258 1
146259 1
146260 1
146261 1
146262 1
146263 1
146264 1
146265 1
146266 1
146267 1
146268 1
146269 1
146270 1
146271 1
146272 1
146273 1
146274 1
146275 1
146276 1
146277 1
146278 1
146279 1
146280 1
146281 1
146282 1
146283 1
146284 1
146285 1
146286 1
146287 1
146288 1
146289 1
146290 1
146291 1
146292 1
146293 1
146294 1
146295 1
146296 1
146297 1
146298 1
146299 1
146300 1
146301 1
146302 1
146303 1
146304 1
146305 1
146306 1
146307 1
146308 1
146309 1
146310 1
146311 1
146312 1
146313 1
146314 1
146315 1
146316 1
146317 1
146318 1
146319 1
146320 1
146321 1
146322 1
146323 1
146324 1
146325 1
146326 1
146327 1
146328 1
146329 1
146330 1
146331 1
146332 1
146333 1
146334 1
146335 1
146336 1
146337 1
146338 1
146339 1
146340 1
146341 1
146342 1
146343 1
146344 1
146345 1
146346 1
146347 1
146348 1
146349 1
146350 1
146351 1
146352 1
146353 1
146354 1
146355 1
146356 1
146357 1
146358 1
146359 1
146360 1
146361 1
146362 1
146363 1
146364 1
146365 1
146366 1
146367 1
146368 1
146369 1
146370 1
146371 1
146372 1
146373 1
146374 1
146375 1
146376 1
146377 1
146378 1
146379 1
146380 1
146381 1
146382 1
146383 1
146384 1
146385 1
146386 1
146387 1
146388 1
146389 1
146390 1
146391 1
146392 1
146393 1
146394 1
146395 1
146396 1
146397 1
146398 1
146399 1
146400 1
146401 1
146402 1
146403 1
146404 1
146405 1
146406 1
146407 1
146408 1
146409 1
146410 1
146411 1
146412 1
146413 1
146414 1
146415 1
146416 1
146417 1
146418 1
146419 1
146420 1
146421 1
146422 1
146423 1
146424 1
146425 1
146426 1
146427 1
146428 1
146429 1
146430 1
146431 1
146432 1
146433 1
146434 1
146435 1
146436 1
146437 1
146438 1
146439 1
146440 1
146441 1
146442 1
146443 1
146444 1
146445 1
146446 1
146447 1
146448 1
146449 1
146450 1
146451 1
146452 1
146453 1
146454 1
146455 1
146456 1
146457 1
146458 1
146459 1
146460 1
146461 1
146462 1
146463 1
146464 1
146465 1
146466 1
146467 1
146468 1
146469 1
146470 1
146471 1
146472 1
146473 1
146474 1
146475 1
146476 1
146477 1
146478 1
146479 1
146480 1
146481 1
146482 1
146483 1
146484 1
146485 1
146486 1
146487 1
146488 1
146489 1
146490 1
146491 1
146492 1
146493 1
146494 1
146495 1
146496 1
146497 1
146498 1
146499 1
146500 1
146501 1
146502 1
146503 1
146504 1
146505 1
146506 1
146507 1
146508 1
146509 1
146510 1
146511 1
146512 1
146513 1
146514 1
146515 1
146516 1
146517 1
146518 1
146519 1
146520 1
146521 1
146522 1
146523 1
146524 1
146525 1
146526 1
146527 1
146528 1
146529 1
146530 1
146531 1
146532 1
146533 1
146534 1
146535 1
146536 1
146537 1
146538 1
146539 1
146540 1
146541 1
146542 1
146543 1
146544 1
146545 1
146546 1
146547 1
146548 1
146549 1
146550 1
146551 1
146552 1
146553 1
146554 1
146555 1
146556 1
146557 1
146558 1
146559 1
146560 1
146561 1
146562 1
146563 1
146564 1
146565 1
146566 1
146567 1
146568 1
146569 1
146570 1
146571 1
146572 1
146573 1
146574 1
146575 1
146576 1
146577 1
146578 1
146579 1
146580 1
146581 1
146582 1
146583 1
146584 1
146585 1
146586 1
146587 1
146588 1
146589 1
146590 1
146591 1
146592 1
146593 1
146594 1
146595 1
146596 1
146597 1
146598 1
146599 1
146600 1
146601 1
146602 1
146603 1
146604 1
146605 1
146606 1
146607 1
146608 1
146609 1
146610 1
146611 1
146612 1
146613 1
146614 1
146615 1
146616 1
146617 1
146618 1
146619 1
146620 1
146621 1
146622 1
146623 1
146624 1
146625 1
146626 1
146627 1
146628 1
146629 1
146630 1
146631 1
146632 1
146633 1
146634 1
146635 1
146636 1
146637 1
146638 1
146639 1
146640 1
146641 1
146642 1
146643 1
146644 1
146645 1
146646 1
146647 1
146648 1
146649 1
146650 1
146651 1
146652 1
146653 1
146654 1
146655 1
146656 1
146657 1
146658 1
146659 1
146660 1
146661 1
146662 1
146663 1
146664 1
146665 1
146666 1
146667 1
146668 1
146669 1
146670 1
146671 1
146672 1
146673 1
146674 1
146675 1
146676 1
146677 1
146678 1
146679 1
146680 1
146681 1
146682 1
146683 1
146684 1
146685 1
146686 1
146687 1
146688 1
146689 1
146690 1
146691 1
146692 1
146693 1
146694 1
146695 1
146696 1
146697 1
146698 1
146699 1
146700 1
146701 1
146702 1
146703 1
146704 1
146705 1
146706 1
146707 1
146708 1
146709 1
146710 1
146711 1
146712 1
146713 1
146714 1
146715 1
146716 1
146717 1
146718 1
146719 1
146720 1
146721 1
146722 1
146723 1
146724 1
146725 1
146726 1
146727 1
146728 1
146729 1
146730 1
146731 1
146732 1
146733 1
146734 1
146735 1
146736 1
146737 1
146738 1
146739 1
146740 1
146741 1
146742 1
146743 1
146744 1
146745 1
17897 1
137691 1
137698 1
134762 1
137688 1
17799 1
17638 1
142608 1
140527 1
149178 1
134419 1
136197 1
136191 1
136194 1
17633 1
137690 1
139887 1
4835 1
63838 1
134765 1
134766 1
140852 1
140853 1
140854 1
140855 1
140856 1
140857 1
140858 1
140859 1
140860 1
140861 1
140862 1
140863 1
139201 1
148969 1
149837 1
140329 1
139220 1
134769 1
134770 1
146966 1
136188 1
134771 1
136190 1
134763 1
134764 1
139767 1
58571 1
140290 1
140291 1
140293 1
140294 1
140295 1
140296 1
140297 1
140298 1
140299 1
140300 1
140301 1
140302 1
140303 1
140309 1
140311 1
140318 1
140319 1
140320 1
140053 1
140061 1
140245 1
140246 1
140247 1
140248 1
140249 1
140250 1
140251 1
140252 1
140253 1
140254 1
140255 1
140256 1
140257 1
140258 1
140259 1
140260 1
140261 1
140508 1
140509 1
140510 1
140511 1
140512 1
140513 1
140514 1
140515 1
140516 1
140517 1
140518 1
140519 1
140520 1
140521 1
140522 1
138387 1
140238 1
138679 1
138641 1
138635 1
138597 1
138514 1
138513 1
138409 1
138436 1
137689 1
139203 1
139462 1
138982 1
132153 1
138991 1
140648 1
140649 1
140650 1
140651 1
140652 1
140653 1
140654 1
140655 1
140656 1
140657 1
141157 1
138169 1
140328 1
140331 1
140332 1
140333 1
140334 1
140335 1
140336 1
140337 1
140483 1
140484 1
140487 1
140488 1
140489 1
140490 1
140491 1
140492 1
140493 1
140494 1
140495 1
140496 1
140497 1
140265 1
140553 1
140346 1
140358 1
140360 1
140361 1
140349 1
140353 1
140359 1
140357 1
140347 1
140350 1
140348 1
140351 1
140354 1
140356 1
140352 1
140355 1
137401 1
137402 1
140528 1
140529 1
140530 1
140531 1
140532 1
140533 1
140534 1
140535 1
140537 1
140536 1
140538 1
140486 1
140636 1
140638 1
137692 1
141679 1
140364 1
140366 1
140367 1
140368 1
140369 1
140370 1
140371 1
140372 1
140373 1
140374 1
140375 1
140376 1
140377 1
140378 1
137694 1
139742 1
135671 1
24429 1
9806 1
139019 1
140903 1
18257 1
136198 1
212793 1
132833 1
